input/deup00ag.asc
ncols         264
nrows         240
xllcorner     5
yllcorner     46
cellsize      0.0416666666667
NODATA_value  -9999
[rows 124 to 154 of 240, columns 0 to 69 of 264]
0 0 0 0 0 0 0 0 0 0 0 0 0 0 0 0 0 0 0 0 0 0 0 3868.583 13327.78 18294.83 12627.12 11514.9 9791.942 7652.511 7652.511 7009.799 4047.997 3867.86 3867.86 3867.86 3867.86 3867.86 4132.296 4179.261 3948.499 8380.823 8766.815 8766.815 8766.815 8482.054 8216.039 8316.758 7596.537 7579.391 6910.285 6787.106 6787.106 6787.106 6787.106 6787.106 6787.106 6787.106 6787.106 6787.106 6773.362 6766.716 6498.928 6378.173 3790.722 2886.184 2886.184 2886.184 2886.184 2886.184
0 0 0 0 0 0 0 0 0 0 0 0 0 0 0 0 0 0 0 0 0 0 0 299.6987 12603.62 20666.48 20666.48 20666.48 14874.25 7659.338 7659.338 6681.348 5220.771 3871.31 3871.31 3871.31 3871.31 3871.31 3871.31 3871.31 5628.881 8591.604 8774.637 7496.068 4037.306 6790.914 6793.161 6793.161 7105.867 15589.78 15770.55 14144.82 7289.018 6793.161 6793.161 6793.161 6793.161 6793.161 6793.161 6793.161 6793.161 6793.161 5491.568 4798.5 3118.496 2888.759 2888.759 2888.759 2888.759 2888.759
0 0 0 0 0 0 0 0 0 0 0 0 0 0 0 0 0 0 0 0 0 0 0 0 1867.548 13159.25 14325.99 20684.91 17426.64 7666.165 7666.165 6748.879 3969.961 3874.761 3874.761 3874.761 3874.761 3874.761 3650.739 3132.255 3060.968 4576.72 6163.571 2581.218 2060.619 3863.915 6799.216 6799.216 11147.15 29187.06 29187.06 29187.06 23007.41 6812.137 6799.216 6799.216 6728.172 6288.921 6364.087 5649.439 4350.869 3598.589 3113.826 2891.333 2889.743 2837.987 2811.33 2868.472 2889.69 2872.103
0 0 0 0 0 0 0 0 0 0 0 0 0 0 0 0 0 0 0 0 0 0 0 0 0 0 40.07995 11843.87 18743.25 8189.935 7477.208 4846.266 3883.747 3884.684 3878.206 3878.206 3878.206 3876.432 2501.131 2059.646 2059.646 2059.646 2059.646 2059.646 3047.878 6800.411 6805.261 6805.261 10924.77 29115.33 29213.01 29213.01 13536.47 6805.261 6805.261 6805.261 6175.616 3982.09 3858.824 3031.304 2893.904 2893.904 2893.904 2893.904 2876.404 2794.6 2767.653 2768.884 2807.296 2784.237
0 0 0 0 0 0 0 0 0 0 0 0 0 0 0 0 0 0 0 0 0 0 0 0 0 0 0 137.2507 7901.154 7004.359 7492.475 7451.599 6992.501 5436.891 3881.651 3881.651 3881.651 3349.122 2061.476 2061.476 2061.476 2061.476 2061.476 2061.476 2730.807 5743.104 6811.306 6811.306 9484.174 21805.55 13317.11 15032.04 14137.54 6537.095 6664.676 5965.031 4852.271 3985.627 3985.627 3472.179 2899.237 3035.958 3507.63 3556.146 3128.132 2770.112 2770.112 2770.112 2770.112 2770.112
0 0 0 0 0 0 0 0 0 0 0 0 0 0 0 0 0 0 0 0 0 0 0 0 0 0 0 0 14.48029 905.0319 6471.094 7686.613 7686.613 5420.413 2498.759 2872.808 3077.706 2507.305 2063.305 2063.305 2063.305 2063.305 2063.305 2063.305 2063.305 4023.637 6817.351 6817.351 6415.686 5236.882 5333.508 4204.546 2608.998 3794.561 3991.884 3989.165 3989.165 3989.165 3960.276 3122.38 2899.052 3751.493 3989.165 3984.743 3267.157 2782.336 2772.57 2772.57 2772.57 2772.57
0 0 0 0 0 0 0 0 0 0 0 0 0 0 0 0 0 0 0 0 0 0 0 0 0 0 0 0 3353.363 7471.688 7693.417 7693.417 6894.72 2616.279 2065.132 2065.132 2065.132 2065.132 2065.132 2065.132 2065.132 2065.132 2065.132 2065.132 2065.132 2677.204 4220.571 4694.791 2792.333 2237.854 2237.854 2237.854 2237.854 2310.04 3030.397 3992.696 3992.696 3992.696 3992.696 3890.404 3642.764 3992.228 3992.696 3992.62 3591.229 2775.025 2775.025 2775.025 2775.025 2775.025
0 0 0 0 0 0 0 0 0 0 0 0 0 0 0 0 0 0 0 0 0 0 0 0 0 0 0 0 1515.721 7053.841 7401.318 7562.216 5788.979 2159.061 2066.958 2066.958 2066.958 2066.958 2066.958 2066.958 2066.958 2066.958 2066.958 2066.958 2066.958 2137.823 2225.882 2239.833 2239.833 2239.833 2239.833 2239.833 2239.833 2239.833 2274.741 3688.586 3996.227 3996.227 3996.227 3996.227 3996.227 3996.227 3996.227 3996.227 3221.587 2777.479 2777.479 2777.479 2777.479 2777.479
0 0 0 0 0 0 0 0 0 0 0 0 0 0 0 0 0 0 0 0 0 0 0 0 0 0 0 0 0 260.5107 79.0925 283.2652 1725.818 2068.783 2068.783 2068.783 2068.783 2068.783 2068.783 2068.783 2068.783 2073.343 2156.893 2147.792 2077.154 2154.714 2241.811 2241.811 2241.811 2241.811 2241.811 2241.811 2241.811 2241.811 2241.811 2515.686 3809.207 3999.756 3999.756 3999.756 3999.756 3992.464 3537.812 3122.391 2848.393 2779.932 2779.932 2779.932 2779.932 2779.932
0 0 0 0 0 0 0 0 0 0 0 0 0 0 0 0 0 0 0 0 0 0 0 0 0 0 0 0 0 0 0 0 174.9465 2038.117 2070.608 2070.608 2070.608 2070.608 2070.608 2070.608 2070.608 2074.84 2185.576 2243.789 2239.638 2243.789 2243.789 2243.789 2243.789 2243.789 2243.789 2243.789 2243.789 2243.789 2441.489 3491.367 3529.558 3670.3 3756.832 3995.182 3973.156 3751.292 3478.673 3171.593 2802.118 2782.384 2782.384 2782.384 2782.384 2782.384
0 0 0 0 0 0 0 0 0 0 0 0 0 0 0 0 0 0 0 0 0 0 0 0 0 0 0 0 0 0 0 0 822.2574 1853.668 2058.458 2072.43 2072.43 2054.356 1927.25 2072.43 2072.43 2072.43 2133.325 2245.763 2245.763 2245.763 2245.763 2245.763 2498.082 2902.397 3024.95 2877.692 3287.38 3229.919 3057.268 3526.15 3526.15 3526.15 3526.15 3561.333 5168.399 10156.74 6982.147 4233.212 3035.257 2719.336 2573.777 2784.313 2729.576 2466.332
0 0 0 0 0 0 0 0 0 0 0 0 0 0 0 0 0 0 0 0 0 0 0 0 0 0 0 0 0 0 0 0 229.3526 1104.106 1165.683 1827.335 1275.844 1059.176 971.892 1512.733 1493.192 1638.768 1373.537 1992.678 2247.738 2247.738 2247.738 2099.932 3028.752 3529.25 3529.25 3529.25 3529.25 3529.25 3529.25 3529.25 3529.25 3529.25 3529.25 5194.681 13655.7 14112.98 13982.1 13931.46 5643.039 2350.242 2322.368 2455.646 2551.559 2271.187
0 0 0 0 0 0 0 0 0 0 0 0 0 0 0 0 0 0 0 0 0 0 0 0 0 0 0 0 0 0 8.15276 473.2986 429.2137 712.8274 944.8533 930.3811 960.1727 960.1727 960.1727 960.1727 960.1727 960.1727 960.1727 1189.206 1310.721 1495.927 1545.196 1531.888 3188.678 3532.348 3532.348 3532.348 3532.348 3532.348 3532.348 3532.348 3532.348 3532.348 3532.348 3532.348 7948.176 13880.21 6984.781 4135.246 2260.983 2260.983 2260.983 2260.983 2260.983 2260.983
0 0 0 0 0 0 0 0 0 0 0 0 0 0 0 0 0 0 0 0 0 0 0 0 0 0 0 0 2.547181 174.2365 377.1814 809.3149 809.4122 809.4122 809.4122 822.0176 894.2296 957.3579 961.0147 961.0147 961.0147 961.0147 961.0147 961.0147 961.0147 961.0147 961.0147 965.508 1065.781 1682.663 2338.444 2421.534 2402.586 3010.062 3438.627 3535.445 3535.445 3535.445 3535.445 3535.445 3629.036 4148.257 3113.081 2697.034 2262.966 2262.966 2262.966 2262.966 2262.966 2262.966
0 0 0 0 0 0 0 0 0 0 0 0 0 0 0 0 0 0 0 0 0 0 0 0 0 0 0 0.2406949 476.1835 810.1202 810.1202 810.1202 810.1202 810.1202 810.1202 810.1202 810.1202 850.5979 947.6054 961.8553 961.8553 961.8553 961.8553 961.8553 961.8553 961.8553 969.3014 1129.026 1090.834 1230.396 1253.456 1253.456 1253.456 1253.456 1424.521 2998.03 3387.226 3531.05 3483.063 3198.669 1781.352 1518.008 1858.144 2246.038 2264.945 2264.945 2264.945 2264.945 2264.945 2264.945
0 0 0 0 0 0 0 0 0 0 0 0 0 0 0 0 0 0 0 0 0 0 0 0 0 0 0 97.54491 532.4695 810.8281 810.8281 810.8281 810.8281 810.8281 810.8281 810.8281 810.8281 860.1814 952.2531 962.6958 962.6958 962.6958 962.6958 962.6958 962.6958 962.6958 967.9949 1217.104 1254.551 1254.551 1254.551 1254.551 1254.551 1254.551 1254.551 1629.768 1706.978 3467.921 1875.539 1631.024 1503.181 1503.181 1503.181 1834.758 2223.343 2266.925 2266.925 2266.925 2266.925 2662.405
0 0 0 0 0 0 0 0 0 0 0 0 0 0 0 0 0 0 0 0 0 0 0 0 0 0 0 436.5179 811.5361 811.5361 811.5361 811.5361 811.5361 811.5361 811.5361 811.5361 811.5361 880.1574 961.3091 963.5364 963.5364 963.5364 963.5364 963.7007 983.7927 963.5364 964.4211 1144.653 1255.646 1255.646 1255.646 1255.646 1255.646 1255.646 1255.646 1255.646 1273.789 1657.854 1504.494 1504.494 1504.494 1504.494 1504.494 1504.494 1522.842 2002.402 2268.904 2268.904 2285.096 2393.693
0 0 0 0 0 0 0 0 0 0 0 0 0 0 0 0 0 0 0 0 0 0 0 0 0 0 22.86921 725.2212 812.2429 812.2429 812.2429 812.2429 812.2429 812.2429 812.2429 812.2429 812.2429 812.7707 869.9099 873.7197 949.0663 1074.078 1233.976 1291.897 1322.151 1092.186 974.1589 1153.452 1257.238 1256.74 1256.74 1256.74 1256.74 1256.74 1256.74 1256.74 1267.511 1417.502 1505.804 1505.804 1505.804 1505.804 1505.804 1505.804 1505.804 1729.702 2236.943 2277.871 2961.899 2982.614
0 0 0 0 0 0 0 0 0 0 0 0 0 0 0 0 0 0 0 0 0 0 0 0 0 0 78.09247 786.8838 812.9496 812.9496 812.9496 812.9496 812.9496 812.9496 812.9496 812.9496 812.9496 812.9496 812.9496 812.9496 899.9085 1313.911 1334.631 1334.631 1334.631 1313.497 1317.163 1334.528 1316.76 1305.82 1275.583 1257.833 1257.833 1257.833 1257.833 1274.395 1471.84 1507.114 1507.114 1507.114 1507.114 1507.114 1507.114 1507.114 2127.159 3612.872 3727.821 3093.011 3130.396 3130.861
0 0 0 0 0 0 0 0 0 0 0 0 0 0 0 0 0 0 0 0 0 0 0 0 0 0 0 540.0862 813.6558 813.6558 813.6558 813.6558 813.6558 813.6558 813.6558 813.6558 813.6558 813.6558 813.6558 813.6558 856.7792 1306.964 1335.79 1335.79 1335.79 1335.79 1335.79 1335.79 1335.79 1335.79 1325.839 1264.889 1258.926 1258.926 1258.926 1261.226 1444.979 1508.423 1508.423 1508.423 1508.423 1508.423 1508.423 1513.601 2722.584 4204.017 4434.817 4180.612 3421.933 3133.58
0 0 0 0 0 0 0 0 0 0 0 0 0 0 0 0 0 0 0 0 0 0 0 0 0 0 0 115.9825 734.3226 814.3614 814.3614 814.3614 814.3614 814.3614 814.3614 814.3614 814.3614 814.3614 814.3614 814.3614 919.5192 1266.889 1336.948 1336.948 1336.948 1336.948 1336.948 1336.948 1336.948 1336.948 1336.948 1329.72 1304.063 1288.921 1348.896 1485.285 1509.732 1509.732 1509.732 1509.732 1509.732 1509.732 1509.732 1510.271 2091.893 2509.524 3403.392 4367.069 4223.527 3583.914
0 0 0 0 0 0 0 0 0 0 0 0 0 0 0 0 0 0 0 0 0 0 0 0 0 0 0 0 55.36693 570.7748 815.067 815.067 815.067 815.067 815.067 815.067 815.067 815.067 815.067 815.067 888.87 1329.083 1338.107 1338.107 1338.107 1338.107 1338.107 1338.107 1338.107 1338.107 1338.107 1338.107 1338.107 1393.345 1510.342 1511.04 1511.04 1511.04 1511.04 1511.04 1511.04 1511.04 1627.423 1999.592 2518.555 2518.718 2518.718 3066.174 3390.539 4035.651
0 0 0 0 0 0 0 0 0 0 0 0 0 0 0 0 0 0 0 0 0 0 0 0 0 0 0 0 0 169.0894 710.7275 815.772 815.772 815.772 815.772 815.772 815.772 815.8097 1046.962 1023.094 1524.406 1466.34 1410.688 1339.264 1343.218 1339.264 1339.264 1339.264 1339.264 1339.264 1339.264 1339.264 1339.264 1470.545 1531.588 1527.812 1538.383 1523.766 1512.347 1512.347 1647.032 2081.242 2502.019 2520.897 2520.897 2520.897 2520.897 2520.897 2520.897 2673.346
0 0 0 0 0 0 0 0 0 0 0 0 0 0 0 0 0 0 0 0 0 0 0 0 0 0 0 0 0 0 0.1289189 348.8477 536.4172 797.4306 816.4764 819.2937 1065.389 1527.853 1736.194 1740.392 5839.722 1785.806 1735.406 1586.989 1655.448 1413.171 1340.421 1340.421 1340.421 1340.421 1340.421 1340.421 1340.421 1376.633 1541.662 1560.965 1560.965 1843.337 1918.009 2233.04 2465.233 2523.073 2523.073 2523.073 2523.073 2523.073 2523.073 2523.073 2523.073 2523.073
0 0 0 0 0 0 0 0 0 0 0 0 0 0 0 0 0 0 0 0 0 0 0 0 0 0 0 0 0 0 0 0 0 162.4093 397.4957 497.883 1347.557 1741.892 1741.892 5238.353 11567.37 4509.336 1741.892 1741.892 1741.892 1562.23 1341.576 1341.576 1341.576 1341.576 1341.576 1349.316 1450.375 1555.861 1562.311 1562.311 1562.311 1818.963 2473.421 2525.249 2525.249 2525.249 2525.249 2525.249 2525.249 2525.249 2525.249 2525.249 2525.249 2525.249
0 0 0 0 0 0 0 0 0 0 0 0 0 0 0 0 0 0 0 0 0 0 0 0 0 0 0 0 0 0 0 0 0 0 0 0 1247.496 2185.213 6301.985 11551.47 10314.39 4381.872 1743.392 1743.392 1743.392 1534.528 1342.732 1342.732 1342.732 1342.732 1343.027 1522.01 1563.656 1563.656 1563.656 1563.656 1563.656 1575.011 2207.468 2527.423 2527.423 2527.423 2527.423 2527.423 2527.423 2527.423 2418.962 2414.692 2301.427 2424.697
0 0 0 0 0 0 0 0 0 0 0 0 0 0 0 0 0 0 0 0 0 0 0 0 0 0 0 0 0 0 0 0 0 0 0 31.08941 1591.912 7702.655 10689.68 11602.61 11117.22 4043.689 1744.891 1744.891 1744.891 1743.03 1620.905 1391.067 1343.886 1357.491 1499.473 1565.001 1565.001 1565.001 1565.001 1565.001 1565.001 1567.043 1746.36 1965.343 2517.115 2529.596 2529.596 2529.596 2529.596 2304.25 1758.471 1682.689 1682.689 1707.952
0 0 0 0 0 0 0 0 0 0 0 0 0 0 0 0 0 0 0 0 0 0 0 0 0 0 0 0 0 0 0 0 0 0 303.1601 1342.833 1746.389 2208.108 2452.649 2912.715 1754.581 1746.389 1746.389 1746.389 1746.389 1746.389 1746.389 1548.87 1467.442 1561.755 1566.344 1566.344 1566.344 1566.344 1566.344 1566.344 1566.344 1566.344 1566.344 1641.276 1822.243 2214.758 2299.356 2206.784 2510.804 2034.352 1684.133 1684.133 1684.133 1684.133
0 0 0 0 0 0 0 0 0 0 0 0 0 0 0 0 0 0 0 0 0 0 0 0 0 0 0 0 0 0 0 0 0 0 1100.174 1747.885 1747.885 1747.885 1747.885 1747.885 1747.885 1747.885 1747.885 1747.885 1747.885 1747.885 1836.594 1891.387 1954.811 1687.56 1567.687 1567.687 1567.687 1567.687 1567.687 1567.687 1567.687 1567.687 1567.687 1720.958 1974.224 1974.224 1974.224 2045.516 2240.298 1742.829 1685.576 1685.576 1685.576 1685.576
0 0 0 0 0 0 0 0 0 0 0 0 0 0 0 0 0 0 0 0 0 0 0 0 0 0 0 0 0 0 0 0 1.58169 838.5234 1709.881 1749.382 1749.382 1749.382 1749.382 1749.382 1749.382 1749.382 1749.382 1845.951 2094.261 2430.896 2650.153 2779.938 2791.052 2687.944 2062.596 2048.519 1663.64 1569.029 1573.983 1569.029 1626.211 1685.179 1747.577 1937.591 1975.914 1975.914 1975.914 1989.837 2005.901 1758.934 1687.02 1687.02 1687.02 1687.02
0 0 0 0 0 0 0 0 0 0 0 0 0 0 0 0 0 0 0 0 0 0 0 0 0 0 0 0 0 0 0 0 214.2133 1771.135 1824.907 1764.657 1750.877 1750.877 1750.877 1784.892 1817.674 2083.842 2333.92 2653.659 2656.564 2656.615 2667.073 2791.717 2793.437 2793.437 2793.437 2793.437 2685.833 2376.17 2153.547 1725.409 1948.373 1977.603 1977.603 1977.603 1977.603 1977.603 1977.603 2133.827 2388.142 2354.649 1953.456 1688.461 1688.461 1688.461
