input/deup00ag.asc
ncols         264
nrows         240
xllcorner     5
yllcorner     46
cellsize      0.0416666666667
NODATA_value  -9999
[rows 31 to 61 of 240, columns 70 to 139 of 264]
0 0 0 0 0 0 0 0 0 442.0191 237.1486 88.30693 348.6536 615.3298 649.493 513.9813 0 0 111.6689 67.99606 808.6096 985.6375 985.6375 985.6375 985.6375 985.6375 985.6375 998.0442 1055.261 1039.007 1155.451 1176.061 1176.061 1176.061 1176.061 1176.061 1176.061 1176.061 1176.061 1176.061 1176.061 1176.061 1176.061 1176.061 1176.061 1176.061 1176.061 1176.061 1176.061 1176.061 791.7264 0 0 0 0 0 0 0 0 0 0 0 0 0 0 0 0 0 0 0
0 0 0 0 0 0 0 0 0 555.72 798.1471 87.54745 0 0 58.71801 236.1395 198.6736 258.1031 0 155.8668 11.504 212.5967 907.8564 986.6486 986.6486 986.6486 986.6486 986.6486 986.6486 986.6486 1011.569 1154.5 1177.268 1177.268 1177.268 1177.268 1177.268 1177.268 1177.268 1177.268 1177.268 1177.268 1177.268 1177.268 1177.268 1177.268 1177.268 1177.268 1223.279 1295.191 1014.1 0 0 0 0 0 0 0 0 0 0 0 0 0 0 0 0 0 0 0
0 0 0 0 0 0 0 0 0 0.7364393 266.1515 50.69139 0 0 8.867567 43.49126 0 0 0 0 0 60.83787 109.1589 655.2563 987.6599 987.6599 987.6599 987.6599 987.6599 987.6599 987.6599 1011.757 1161.071 1178.474 1178.474 1178.474 1178.474 1178.474 1178.474 1178.474 1178.474 1178.474 1178.474 1178.474 1178.474 1186.046 1294.524 1443.796 1526.476 1528.072 1046.141 0 0 0 0 0 0 0 0 0 0 0 0 0 0 0 0 0 0 0
0 0 0 0 0 0 0 0 0 0 0 0 0 0 162.8304 291.1595 0 61.76092 208.1798 0 1.452926 139.8862 0 20.40916 703.4742 988.6703 988.6703 988.6703 988.6703 988.6703 988.6703 988.6703 1033.649 1146.933 1179.68 1179.68 1179.68 1179.68 1179.68 1179.68 1179.68 1179.68 1179.68 1187.182 1336.352 1483.26 1529.635 1529.635 1529.635 1529.635 903.9771 0 0 0 0 0 0 0 0 0 0 0 0 0 0 0 0 0 0 0
0 0 0 0 0 0 0 0 0 0 0 0 0 0 0 0 649.9952 958.9399 606.3588 0 0 71.64488 394.903 447.2165 328.6781 305.2284 976.1068 989.6807 989.6807 989.6807 989.6807 989.6807 1005.754 1168.211 1180.886 1180.886 1180.886 1180.886 1180.886 1180.886 1180.886 1180.886 1315.742 1439.883 1531.199 1531.199 1531.199 1531.199 1526.707 1119.356 104.1854 0 0 0 0 0 0 0 0 0 0 0 0 0 0 0 0 0 0 0
0 0 0 0 0 0 0 0 0 0 0 0 0 0 0 62.00053 70.48446 209.9973 24.15859 45.96904 0 449.6789 932.9509 879.8665 213.9778 22.10554 753.1217 990.6903 990.6903 990.6903 990.6903 990.6903 993.0981 1106.796 1182.09 1182.09 1182.09 1182.09 1182.09 1182.09 1182.09 1343.517 1518.085 1532.761 1532.761 1532.568 1030.798 666.0378 366.355 349.4954 595.1504 754.9346 917.0098 776.4166 120.2219 0 0 0 0 0 0 0 0 0 0 0 0 0 0 0
0 0 0 0 0 0 0 0 0 0 0 0 0 0 0 0 0 0 0 0 0 0 0 6.30296 452.6519 965.0374 991.6992 991.6992 991.6992 991.6992 991.6992 991.6992 995.1433 1092.843 1183.294 1183.294 1183.294 1183.294 1183.294 1280.451 1387.746 1509.52 1534.322 1534.322 1534.322 1534.322 1336.857 1257.413 1518.97 1534.322 1534.322 1534.322 1534.322 4173.667 2350.709 0.6244785 119.7768 622.8328 552.4942 225.9866 0 0 0 0 0 0 0 0 0 0
0 0 0 0 0 0 0 0 0 0 0 0 0 0 0 0 0 174.2896 572.6502 574.423 687.9153 798.3504 708.2863 889.9834 992.7072 992.7073 1002.009 992.7072 992.7072 992.7072 995.4406 1006.787 1108.195 1184.497 1184.497 1184.497 1184.497 1184.497 1184.497 1416.195 1535.881 1535.881 1535.881 1535.881 1535.881 1535.881 1535.881 1535.881 1535.881 1535.881 1535.881 1535.881 1535.881 16854.45 9735.386 1269.971 1521.971 1521.971 1521.971 1513.96 1111.85 599.8449 289.342 23.74532 0 0 0 0 0 0
0 0 0 0 0 0 0 0 0 0 0 0 0 0 0 0 312.5173 249.949 713.2878 993.7152 993.7152 993.7152 993.7152 993.7152 993.7152 1054.027 1196.289 1152.611 1136.005 1021.322 1091.188 1185.152 1182.236 1185.7 1185.7 1210.693 1266.793 1235.611 1333.736 1465.431 1537.441 1537.441 1537.441 1537.441 1537.441 1537.441 1537.441 1537.441 1537.441 1537.441 3016.344 12161.39 20462.67 16415.89 5557.957 1523.516 1523.516 1523.516 1523.516 1523.516 1523.516 1523.516 1523.516 1421.914 1023.719 294.224 0 0 0 0
0 0 0 0 0 0 0 0 0 0 0 0 0 0 0 47.63945 858.6985 994.7225 994.7225 994.7225 994.7225 994.7225 994.7225 994.7225 1058.294 1159.64 1205.139 1205.139 1205.139 1168.167 1200.159 1203.424 1195.663 1186.902 1187.099 1332.294 1538.999 1538.999 1538.999 1538.999 1538.999 1538.999 1538.999 1538.999 1538.999 1538.999 1538.999 1538.999 1538.999 1538.999 1538.999 21366.16 25769.18 23235.06 19629.63 2947.839 1525.061 1525.061 1525.061 1525.061 1525.061 1525.061 1525.061 1525.061 1525.061 1453.264 757.7242 679.2179 729.423 1342.473
0 0 0 0 0 0 0 0 0 0 0 0 0 0 0 0 23.5611 358.3741 394.4048 79.16634 147.9774 94.70634 868.0342 1106.624 1206.317 1206.359 1206.359 1206.359 1206.359 1206.359 1206.359 1206.359 1204.968 1199.735 1203.067 1299.908 1507.034 1540.558 1540.558 1540.558 1540.558 1540.558 1540.558 1540.558 1540.558 1540.558 1540.558 1540.558 1540.558 1540.558 1540.558 3230.806 17160.78 23474.7 19396.71 1600.669 1526.605 1526.605 1526.605 1526.605 1526.605 1526.605 1526.605 1526.605 1526.605 1526.605 1528.893 1774.639 1829.256 1829.256
0 0 0 0 0 0 0 0 0 0 0 0 0 0 0 0 0 0 0 0 0 2.165462 1073.879 1207.579 1207.579 1207.579 1207.579 1207.579 1207.579 1207.579 1207.579 1207.579 1207.579 1207.579 1207.579 1207.579 1376.782 1542.115 1542.115 1542.115 1542.115 1542.115 1542.115 1542.115 1542.115 1542.115 1542.115 1542.115 1542.115 1542.115 1542.115 1542.115 1539.315 1528.417 1528.148 1528.148 1528.148 1528.148 1528.148 1528.148 1528.148 1528.148 1533.42 1685.65 1676.312 1596.32 1554.497 1804.896 1831.105 1831.105
70.44565 0 0 0 0 0 0 0 0 0 0 0 0 0 0 0 0 0 0 0 0 472.2251 1208.797 1208.797 1208.797 1208.797 1208.797 1208.797 1208.797 1208.797 1208.797 1208.797 1208.797 1208.797 1208.797 1208.797 1393.67 1543.671 1543.671 1543.671 1543.671 1543.671 1543.671 1543.671 1543.671 1543.671 1543.671 1543.671 1543.671 1543.671 1543.671 1543.671 1542.78 1529.728 1529.69 1529.69 1529.69 1529.69 1529.69 1529.69 1529.69 1568.42 1694.456 1832.953 1832.953 1832.953 1769.423 1832.872 1832.953 1832.953
0 0 0 0 0 0 0 0 0 0 0 0 0 0 0 0 0 0 0 0 0 190.3554 1112.442 996.0715 1140.733 1210.015 1210.015 1210.015 1210.015 1210.015 1210.015 1210.015 1210.015 1250.094 1380.679 1482.033 1540.549 1545.227 1545.227 1545.227 1545.227 1545.227 1545.227 1545.227 1545.227 1545.227 1545.227 1545.227 1582.275 6297.817 4603.536 1543.952 1542.114 1531.324 1531.232 1531.232 1531.232 1531.232 1531.232 1531.232 1531.985 1542.707 1710.193 1834.8 1834.8 1834.8 1834.8 1834.8 1834.8 1834.8
0 0 0 0 0 0 0 0 0 0 0 0 0 0 0 0 0 0 0 0 0 0 33.79835 0 440.5854 1210.636 1211.232 1211.232 1211.232 1211.232 1211.232 1211.232 1211.232 1376.212 1546.78 1546.78 1547.948 1556.312 1564.974 1560.198 1546.788 1546.78 1546.78 1546.78 1546.78 1546.78 1546.78 1546.78 7679.879 14266.07 8226.416 1532.771 1532.771 1532.771 1532.771 1560.339 1736.442 1891.806 1785.411 1532.771 1754.403 1756.142 1809.554 1836.645 1836.645 1836.645 1836.645 1836.645 1836.645 1500.906
0 0 0 0 0 0 0 0 0 0 0 0 0 0 0 0 0 0 350.6445 0 0 0 0 0 0 624.103 1212.449 1212.449 1212.449 1212.449 1212.449 1212.449 1213.139 1432.798 1595.08 1591.99 1605.962 1621.219 1621.219 1620.883 1580.03 1559.798 1567.398 1555.625 1565.1 1556.394 1548.335 1548.335 7428.597 14280.41 11369.96 2614.024 1840.269 1836.815 2006.188 2253.266 2331.005 2331.005 2310.993 2107.309 2194.978 2073.158 2176.604 1953.126 1838.491 1838.491 1838.491 1838.491 863.0348 28.17914
0 0 0 0 0 0 0 0 0 0 0 0 0 0 0 0 0 0 0 0 0 0 637.0214 973.3592 887.988 1146.094 1213.665 1213.665 1213.665 1213.665 1213.665 1213.665 1219.404 1556.812 1622.844 1622.844 1622.844 1622.844 1622.844 1622.844 1622.844 1622.844 1622.844 1622.844 1622.844 1608.96 1674.771 1779.714 3796.203 7127.781 3901.59 2333.342 2333.342 2333.342 2333.342 2333.342 2333.342 2333.342 2333.342 2333.342 2333.342 2187.676 2071.873 1885.362 1840.334 1840.334 1840.334 1840.334 617.3508 0
0 0 0 0 0 0 0 0 0 0 0 0 0 0 0 0 0 0 0 0 0 0 0.06329364 579.3942 1224.166 1224.166 1224.166 1224.166 1224.166 1224.166 1224.166 1224.938 1376.455 1630.077 1636.886 1636.886 1636.886 1636.886 1636.886 1636.886 1636.886 1636.886 1636.886 1636.886 1716.488 1894.528 2339.273 2353.531 2353.531 2353.531 2353.531 2353.531 2353.531 2353.531 2353.531 2353.531 2353.531 2353.531 2353.531 2353.531 2343.352 2218.549 2005.425 1856.258 1856.258 1856.258 1856.258 1856.258 1832.604 1993.503
0 0 0 0 0 0 0 0 0 0 0 0 0 0 0 0 0 0 0 0 0 0 0 147.3874 1098.055 1215.976 1215.976 1215.976 1215.976 1215.976 1219.157 1493.648 1625.935 1625.935 1625.935 1625.935 1625.935 1625.935 1625.935 1625.935 1625.935 1625.935 1625.935 1625.935 1842.248 2167.101 2337.786 2337.786 2337.786 2337.786 2337.786 2337.786 2337.786 2337.786 2337.786 2337.786 2337.786 2337.786 2337.786 2337.786 2337.786 2337.786 2318.972 1889.821 1843.839 1843.839 1843.839 2038.825 3841.143 7738.316
0 0 0 0 0 0 0 0 0 0 0 0 0 0 0 0 80.9145 366.1347 247.968 0 0 0 0 0 74.86073 545.0758 910.5587 1304.179 1284.91 1268.258 1336.096 1629.078 1627.56 1627.56 1627.56 1627.56 1627.56 1627.56 1627.56 1627.56 1627.56 2066.603 3020.688 3204.79 2505.449 2340.123 2340.123 2340.123 2340.123 2340.123 2340.123 2340.123 2340.123 2340.123 2340.123 2340.123 2340.123 2340.123 2340.123 2340.123 2764.864 3109.559 3478.234 4568.799 6757.169 5128.628 9883.384 12568.24 12688.92 9789.274
0 0 0 0 0 0 0 0 0 0 0 0 0 0 0 183.1227 1074.731 1248.632 1244.21 707.4213 193.976 0.8905101 0.4112183 0 40.36572 208.5569 1567.947 1855.199 1855.199 1855.199 1855.199 1852.289 1817.12 1733.251 1630.634 1629.186 1629.186 1629.186 1629.186 1629.186 1629.186 2246.52 5173.198 5572.094 5151.771 3595.644 2342.46 2342.46 2342.46 2342.46 2342.46 2342.46 2342.46 2342.46 2342.46 2342.46 2613.415 3168.833 3153.341 3340.038 3601.829 3606.628 3606.628 3915.875 9459.718 12701.59 12701.59 12604.31 2807.465 724.6335
2.821245 0 0 0 0 0 0 0 0 0 0 0 0 0 19.05979 1086.981 1249.875 1249.875 1249.875 1249.875 1249.875 1219.236 1183.471 1119.22 1210.377 1249.875 1319.363 1571.294 1657.015 1812.802 1857.047 1857.047 1857.047 1857.047 1784.286 1633.623 1630.808 1630.808 1630.808 1630.808 1630.808 1932.971 5497.416 5577.645 5577.645 5427.857 4751.177 2580.75 2344.793 2344.793 2344.793 2344.793 2344.793 2344.793 2486.329 2444.596 3530.127 3610.22 3610.22 3610.22 3610.22 3610.22 3610.067 6031.594 10331.92 12267.84 12707.97 8711.05 2635.442 723.9625
419.9882 89.10809 411.4708 0 0 0 0 0 0 0 0 0 0 0 350.8798 1251.119 1251.119 1251.119 1251.119 1251.119 1251.119 1251.119 1251.119 1251.119 1251.119 1251.119 1251.119 1251.119 1251.119 1313.759 1481.036 1711.901 1756.874 1858.894 1858.894 1753.474 1632.431 1632.431 1632.431 1843.704 2874.459 4473.634 5583.194 5583.194 5583.194 5583.194 5503.813 3537.445 2671.411 2991.016 2389.88 2806.997 2690.081 3078.005 3605.111 3373.385 3538.986 3613.812 3613.812 3613.812 3513.907 3054.575 3035.61 1829.472 5132.084 4373.426 3701.181 1896.69 1087.828 724.6829
444.4305 312.2709 162.5661 0 0 0 0 0 0 0 0 0 0 22.05787 1013.004 1252.363 1252.363 1252.363 1252.363 1252.363 1252.363 1252.363 1252.363 1252.363 1252.363 1252.363 1252.363 1252.363 1252.363 1252.363 1252.363 1252.363 1434.401 1851.285 1860.742 1860.031 1756.334 1682.235 2236.905 3022.319 5588.602 5588.745 5588.745 5588.745 5588.745 5588.745 5588.745 5558.227 5397.84 2973.234 2683.779 4746.602 8504.756 15722.12 11784.28 3617.405 3617.405 3617.405 3617.405 3491.099 2583.679 1810.242 1810.242 1810.242 1810.242 1810.242 1810.242 1810.242 1751.994 1161.705
2062.837 2062.837 1376.584 0 0 0 0 0 0 0 0 0 0 445.2899 1253.604 1253.604 1253.604 1253.604 1253.604 1253.604 1253.604 1253.604 1253.604 1253.604 1253.604 1253.604 1253.604 1253.604 1253.604 1253.604 1253.7 1562.813 1776.07 1862.587 1862.587 1862.587 1862.587 2022.765 4662.177 5594.286 5594.286 5594.286 5594.286 5594.286 5594.286 5594.286 5594.286 5594.286 4275.198 4037.775 11903.64 16525.99 29310.5 22822.39 3779.611 3620.991 3620.991 3620.991 3620.991 3324.359 2004.315 1812.037 1812.037 1812.037 1812.037 1812.037 1812.037 1812.037 1812.037 1812.037
2064.88 2064.88 1968.919 1881.629 1150.013 0 0 0 0 0 0 0 0 240.406 1233.673 1254.846 1254.846 1254.846 1254.846 1254.846 1254.846 1254.846 1254.846 1254.846 1254.846 1254.846 1254.846 1254.846 1254.846 1254.846 1254.846 1294.37 1627.684 1864.432 1864.432 1864.432 1864.432 1864.432 2732.979 5599.827 5599.827 5599.827 5599.827 5599.827 5849.81 5599.827 5599.827 12151.08 20886.99 20614.38 29339.54 29339.54 29339.54 29339.54 21793.2 5163.967 3624.578 3624.578 3624.578 3612.966 2839.229 2141.53 1820.314 1813.832 1813.832 1813.832 1813.832 1813.832 1813.832 1813.832
2066.924 2187.834 7913.056 10504.52 8914.211 372.6812 0 20.38743 716.1245 1103.811 580.7596 0 0 308.9479 10335.91 10638.55 9068.446 6040.56 1256.088 1256.088 1256.088 1256.088 1256.088 1256.088 1256.088 1256.088 1256.088 1256.088 1256.088 1356.099 1751.625 1839.278 1866.277 1866.277 1866.277 1866.277 1866.277 1866.277 1866.537 3099.71 4754.625 5591.85 5605.368 7380.357 23375.02 9828.759 15893.31 28555.67 29368.57 29368.57 29368.57 29368.57 29368.57 29269.21 21965.22 3745.284 3628.165 3628.165 3628.165 3432.266 2816.281 2930.539 2039.339 1815.626 1815.626 1815.626 1815.626 1815.626 1815.626 1815.626
2068.964 2068.964 4389.252 10497.54 10514.89 7111.299 43.36292 389.7887 1452.099 1452.099 1451.829 1037.864 670.9667 388.3404 3917.615 19885.64 21703.93 4873.315 1257.328 1257.328 1257.328 1257.328 1257.328 1257.328 1257.328 1202.521 1162.213 1079.983 1143.251 1100.045 1855.254 1868.119 1816.744 1868.119 1868.119 1868.119 1868.119 1868.119 1868.119 1868.119 1868.119 2433.305 3727.11 9547.441 24626.42 29397.55 29397.55 29397.55 29397.55 29397.55 29397.55 29397.55 29397.55 21248.91 3738.951 3631.745 3631.745 3194.636 2457.368 1929.472 1817.418 1817.418 1817.418 1817.418 1817.418 1817.418 1817.418 1817.418 1817.418 1670.801
1929.539 2071.004 2609.15 8728.517 9556.59 6693.166 127.2607 300.1918 762.158 974.7377 1453.531 1453.531 1453.531 1453.531 1425.951 13987.8 22412.53 10535.3 1258.567 1258.567 1258.567 1258.567 1258.567 1228.303 1110.151 1021.778 987.7355 987.7355 987.7355 987.7355 1116.373 1048.462 1550.643 1869.961 1869.961 1869.961 1869.961 1869.961 1869.961 1869.961 1869.961 1869.961 1869.961 1869.961 16218.54 29426.54 29426.54 29426.54 29426.54 29426.54 29426.54 29426.54 29426.54 27756.79 13333.46 6358.078 2928.489 1998.283 1819.21 1819.21 1819.21 1819.21 1819.21 1819.21 1819.21 1819.21 1819.21 1819.21 1755.302 1184.239
1460.341 2011.635 2073.042 1171.154 0 0 0 0 0 616.092 1454.961 1454.961 1454.961 1436.154 1266.994 3057.885 7243.141 1496.415 1259.806 1259.806 1259.806 1259.806 1259.806 1259.806 1252.114 1019.403 988.7076 988.7076 988.7076 988.7076 988.7076 1277.145 1733.499 1851.951 1871.801 1871.801 1871.801 1871.801 1871.801 1871.801 1871.801 1871.801 1871.801 1885.593 3159.744 22827.54 29455.5 29455.5 29455.5 29455.5 29455.5 28689.16 29455.5 29455.5 29455.5 24602.18 7414.722 1821.001 1821.001 1821.001 1821.001 1821.001 1821.001 1821.001 1821.001 1791.586 1683.246 1231.365 865.774 658.9546
1502.297 2012.583 2075.081 2063.47 1627.76 1585.309 300.4601 0 26.62933 1173.493 1456.392 1456.392 1456.392 1422.145 1261.045 1261.045 1261.045 1261.045 1261.045 1261.045 1261.045 1261.045 1261.045 1255.28 1083.934 992.2217 989.6798 989.6798 989.6798 989.6798 989.6798 989.6798 989.6798 1015.341 1703.057 1873.642 1873.642 1873.642 1873.642 1873.642 1873.642 1873.642 1873.798 2011.449 2177.386 2901.871 13630.09 7431.012 25161.16 26530.93 16849.37 4088.019 18503.78 27951.28 29484.46 29484.46 26237.12 8597.312 1941.608 1843.859 1822.792 1822.792 1822.792 1822.792 1768.121 745.53 679.8978 659.6025 659.6025 659.6025
