input/deup00ag.asc
ncols         264
nrows         240
xllcorner     5
yllcorner     46
cellsize      0.0416666666667
NODATA_value  -9999
[rows 93 to 123 of 240, columns 70 to 139 of 264]
2788.144 2443.35 2233.532 2194.633 2194.633 2194.633 2274.75 3744.174 4595.743 4528.667 4299.29 4103.271 5928.391 11066.1 13226.11 10632.07 7860.965 7456.404 6835.109 5510.049 4450.35 4529.483 5685.899 4496.052 3852.149 3852.149 3852.149 3852.149 3852.149 3587.558 2761.21 2684.799 2684.799 2684.799 2684.799 2684.799 2684.799 2684.799 2684.799 2684.799 2684.799 2785.413 3139.549 3200.721 3200.721 3200.721 3200.721 3200.721 3200.721 3200.721 3200.721 3200.721 3200.721 3200.721 2673.923 2444.632 4116.537 5055.965 6628.154 6628.154 4613.698 2285.428 2285.428 2285.428 2285.428 2285.428 2285.428 2285.428 2285.428 2221.144
2268.826 2224.702 2471.135 2544.814 3210.577 4084.923 4206.217 4685.102 4685.102 4685.102 4685.102 4685.102 7797.458 16524.98 16538.09 15957.56 15605.01 10439.64 3870.667 3855.752 3855.752 3855.752 3855.752 3855.752 3855.752 3855.752 3855.752 3855.752 3855.752 3855.752 3047.205 2687.31 2687.31 2687.31 2687.31 2687.31 2687.31 2687.31 2687.31 2673.133 2687.31 2857.772 3203.714 3203.714 3203.714 3203.714 3203.714 3203.714 3203.714 3203.714 3203.714 3203.714 3203.714 3203.714 2974.97 2287.566 2372.689 2873.322 6015.172 6630.912 5537.067 3231.302 2287.566 2287.566 2287.566 2278.11 2185.448 2162.741 2162.846 1933.759
2807.114 2776.007 2807.428 2898.223 4629.414 4689.476 4689.476 4689.476 4689.476 4689.476 4689.476 4689.476 8368.074 16466.66 16553.53 16553.53 16553.53 12601.39 3859.352 3859.352 3859.352 3859.352 3859.352 3859.352 3859.352 3859.352 3859.352 3859.352 3859.352 3859.352 3216.055 2689.819 2689.819 2689.819 2689.819 2689.819 2689.819 2508.965 2094.622 1633.311 2516.743 2890.496 3206.705 3206.705 3206.705 3206.705 3206.705 3206.705 3206.705 3206.705 3206.705 3206.705 3206.705 3206.705 3042.281 2265.095 2323.544 3679.611 4508.419 3314.832 2141.415 2202.44 2289.701 2207.46 2120.443 1844.329 1565.384 1565.384 1565.384 1565.384
2810.044 2810.044 2810.044 2810.044 3488.995 4693.846 4693.846 4693.846 4693.846 4693.846 4693.846 7448.087 12219.23 16568.96 16568.96 16568.96 16568.96 11102.18 3862.948 3862.948 3862.948 3862.948 3862.948 3862.948 3862.948 3862.948 3862.948 3862.948 3862.948 3862.948 3306.144 3122.539 3022.994 2692.326 2357.706 2169.938 1983.064 1557.745 1547.922 1547.922 1663.702 2596.736 3057.476 2384.683 2632.406 3209.198 3209.694 3209.694 3209.694 3209.694 3209.694 3209.679 3180.498 3199.601 2958.748 2143.411 2143.411 2143.411 2143.411 2143.411 2143.411 2159.707 2225.745 2108.403 1748.875 1578.185 1566.843 1566.843 1566.843 1566.843
2812.658 2812.658 2812.658 2812.658 2855.65 3594.322 4662.664 4698.213 4698.213 4698.213 4698.213 4724.33 7488.752 8896.084 14874.01 15198.84 13419.63 5371.367 3881.409 3866.542 3866.542 3866.542 3866.542 3866.542 3866.542 3866.542 3866.542 3866.542 3866.542 3866.542 3866.542 3866.542 3464.522 2582.558 1992.834 1549.362 1549.362 1549.362 1549.362 1549.362 1549.362 1549.362 1562.268 1549.362 1549.912 2014.919 2936.937 3212.68 3212.68 3162.308 2298.074 2546.172 2151.24 2198.149 2175.538 2145.405 2145.405 2145.405 2145.405 2145.405 2145.405 2145.405 2145.405 2145.405 2065.721 1643.589 1573.538 1578.096 1579.825 1575.81
2815.271 2815.271 2815.271 2815.271 2815.271 2969.435 4557.51 4702.576 4702.576 4702.576 4702.576 4702.576 4702.576 4702.576 4720.831 4702.576 4702.576 4694.373 4596.866 4031.092 3870.133 3870.133 3870.133 3870.133 3870.133 3870.133 3762.033 3690.872 2736.482 3611.129 3870.133 3870.133 3870.133 3869.143 2004.937 1550.801 1550.801 1550.801 1550.801 1550.801 1550.801 1550.801 1550.892 1553.18 1550.801 1555.65 1571.496 1812.571 1958.874 2166.037 1676.857 1575.423 1923.541 2147.397 2147.397 2147.397 2147.397 2147.397 2147.397 2147.397 2147.397 2147.397 2147.397 2147.397 2147.397 1861.684 1591.297 1591.297 1591.297 1591.297
2817.883 2817.883 2817.883 2817.883 2817.883 2817.883 3208.699 4557.736 4706.939 4706.939 4706.939 4706.939 4706.939 4706.939 4706.786 4399.161 3864.213 3455.821 3848.288 3723.3 3758.581 3873.724 3873.724 3873.724 3851.114 3583.135 2073.124 1766.472 1714.086 1899.92 2559.776 2391.911 2356.13 2872.321 1784.712 1650.369 1615.4 1554.079 1552.24 1552.24 1552.24 1552.583 1563.705 1576.648 1571.557 1576.454 1576.803 1576.803 1576.803 1576.803 1576.803 1576.803 1732.111 2147.865 2149.39 2149.39 2149.39 2149.39 2149.39 2149.39 2149.39 2149.39 2149.39 2130.528 1795.206 1601.968 1592.774 1592.774 1592.774 1592.774
2820.493 2820.493 2820.493 2820.493 2820.493 2820.493 2876.382 3504.517 4593.657 4711.299 4711.299 4711.299 4711.299 4602.638 3834.926 3088.661 3088.661 3088.661 3088.661 3088.661 3385.665 3745.706 3726.094 3598.092 3491.481 1715.673 1715.673 1715.673 1715.673 1715.673 1715.673 1715.673 1715.673 1715.673 1715.673 1715.673 1631.249 1553.678 1553.678 1553.679 1560.588 1573.326 1578.263 1578.263 1578.263 1578.263 1578.263 1578.263 1578.263 1578.263 1578.263 1578.263 1578.263 1883.811 1948.316 1835.318 2045.532 2151.381 2151.381 2151.381 2151.381 2151.381 2151.381 2094.16 1596.368 1594.249 1594.249 1594.249 1594.249 1594.249
2823.103 2823.103 2823.103 2823.103 2823.103 2823.103 2823.103 2823.103 3732.5 4664.655 4715.659 4689.753 3835.091 3128.17 3091.52 3091.52 3091.52 3091.52 3091.52 3091.52 3091.52 3091.52 3091.52 3091.52 3096.252 2364.415 1717.662 1717.261 1717.261 1717.261 1717.261 1717.261 1717.261 1717.261 1717.261 1679.784 1575.906 1555.115 1555.115 1561.054 1579.724 1579.724 1579.724 1579.724 1579.724 1579.724 1579.724 1579.724 1579.724 1579.724 1579.724 1579.724 1579.724 1653.328 1780.036 1780.036 1822.916 1972.729 1950.427 1832.22 1948.265 2019.3 2153.372 2148.326 1790.604 1606.717 1595.724 1595.724 1595.724 1595.724
2826.203 2890.917 2863.146 2848.949 2845.607 2849.324 2825.71 2825.71 2825.71 3493.446 4200.705 4038.661 3086.001 3090.872 3094.375 3094.375 3094.375 3094.375 3094.375 3094.375 3094.375 3094.375 3094.375 3094.375 3094.375 2678.505 1718.847 1718.847 1718.847 1718.847 1718.847 1718.847 1718.847 1718.847 1718.847 1601.696 1556.552 1559.902 1571.134 1578.64 1581.183 1581.183 1581.183 1581.183 1581.183 1581.183 1581.183 1581.183 1581.183 1581.183 1581.183 1581.183 1593.948 1730.674 1781.68 1781.68 1781.68 1781.68 1781.68 1781.68 1781.68 1893.41 2155.361 2155.361 2155.361 1851.949 1598.657 1597.198 1597.198 1597.198
9280.861 5520.832 3066.245 3064.477 3056.687 3063.876 2993.339 2832.311 2842.145 3039.294 3066.245 3066.245 3066.245 3076.16 3091.727 3096.53 3097.229 3097.229 3097.229 3097.229 3097.229 3097.229 3097.229 3097.229 3097.229 2454.972 1720.432 1720.432 1720.432 1720.432 1720.432 1720.432 1720.432 1720.432 1720.432 1631.597 1568.711 1582.063 1582.641 1582.641 1582.641 1582.641 1582.641 1582.641 1582.641 1582.641 1582.641 1582.641 1582.641 1582.641 1582.641 1582.641 1582.641 1695.344 1783.323 1783.323 1783.323 1783.323 1783.323 1783.323 1783.323 1855.875 2132.335 2081.253 2097.584 2148.41 1619.432 1598.671 1598.671 1598.671
8230.562 3069.067 3069.067 3069.067 3069.067 3069.067 3058.525 3034.725 3057.619 3069.067 3069.067 3069.067 3069.067 3069.067 3069.067 3075.651 3100.08 3100.08 3100.08 3100.08 3100.08 3100.08 3100.08 3100.08 3100.08 2596.636 1722.016 1722.016 1722.016 1722.016 1722.016 1722.016 1722.016 1722.016 1723.143 1688.415 1937.801 2194.94 1674.034 1708.062 1690.427 1608.179 1584.098 1584.098 1584.098 1584.098 1584.098 1584.098 1584.098 1584.098 1584.098 1584.098 1584.098 2093.478 1968.109 1872.662 1784.965 1784.965 1784.965 1784.965 1784.965 1784.965 1793.217 1784.965 1794.873 1908.725 1847.591 1700.532 1707.138 1657.677
3179.05 3071.888 3071.888 3071.888 3071.888 3071.888 3071.888 3071.888 3071.888 3071.888 3071.888 3071.888 3071.888 3072.653 3080.83 3093.592 3102.771 3102.929 3102.929 3102.929 3102.929 3102.929 3102.929 3102.929 3102.929 2786.709 1880.899 1723.599 1723.599 1723.599 1723.599 1723.599 1723.599 1723.599 2098.333 2522.924 2523 2523 2523 2519.661 2523 2126.872 1772.804 2510.24 2578.209 2386.146 2619.751 2562.104 2410.179 2831.412 2849.228 2736.129 2932.21 3147.665 3165.262 3123.031 2817.532 2170.941 1785.394 1769.897 1763.354 1786.605 1786.605 1786.605 1786.605 1819.282 1835.62 1835.62 1835.62 1834.339
3074.708 3074.708 3074.708 3074.708 3074.708 3074.708 3074.708 3074.708 3074.708 3074.708 3074.708 3074.708 3074.708 3090.809 3105.778 3105.778 3105.778 3105.778 3105.778 3105.778 3105.778 3105.778 2993.437 3043.168 2918.027 2305.967 1828.667 1725.181 1725.181 1725.181 1725.181 1725.181 1725.181 1814.275 2393.844 2525.316 2525.316 2525.316 2525.316 2525.316 2556.337 2288.163 3014.631 3168.75 3168.75 3168.75 3168.75 3168.75 3168.75 3168.75 3168.75 3168.75 3168.75 3168.75 3168.75 3168.75 3168.75 2761.458 2219.894 1619.693 1612.315 1686.267 1806.403 1809.186 1827.5 1815.502 1837.305 1837.305 1837.305 1837.305
3077.526 3077.526 3077.526 3077.526 3077.526 3077.526 3077.526 3077.526 3077.526 3077.526 3077.526 3077.526 3077.526 3080.062 3101.059 3108.624 3108.624 3108.624 3108.624 3108.624 3108.624 2733.12 1949.133 2077.68 1857.398 1632.23 1593.057 1708.069 1726.762 1726.762 1726.762 1726.762 1865.408 2264.699 2527.63 2527.63 2527.63 2527.63 2527.63 2527.63 2821.995 3171.654 3171.654 3171.654 3171.654 3171.654 3171.654 3171.654 3171.654 3171.654 3171.654 3171.654 3171.654 3171.654 3171.654 3171.654 3171.654 2750.185 1953.152 1613.735 1613.735 1613.735 1722.54 1838.989 1838.989 1838.989 1838.989 1838.989 1838.989 1838.989
2721.417 2740.668 2933.086 3080.344 3080.344 3080.344 3080.344 3080.344 3080.344 3080.344 3080.344 3080.344 3080.344 3080.344 3051.846 2825.184 2462.937 2513.86 2815.709 2992.418 3098.615 2472.803 1936.514 1690.086 1273.893 1229.342 1229.342 1243.649 1687.087 1728.343 1820.147 2249.943 2522.161 2529.945 2529.945 2529.945 2529.945 2529.945 2529.945 2529.945 2634.975 3082.082 3174.558 3174.558 3174.558 3174.558 3174.558 3174.558 3174.558 3174.558 3174.558 3174.558 3174.558 3174.558 2622.289 2514.614 2031.026 1669.94 1615.213 1615.213 1615.213 1615.213 1775.669 1840.673 1840.673 1840.673 1840.673 1840.673 1840.673 1840.673
1925.661 1925.661 1938.19 2200.941 2243.878 2432.911 2851.551 3083.16 3083.16 3083.16 3083.16 3083.16 3011.502 2419.298 2007.141 1925.661 1925.661 1925.661 1925.661 1925.661 2067.781 1925.661 1925.661 1918.252 1424.524 1230.465 1230.465 1230.465 1385.117 1581.225 2528.156 2532.258 2532.258 2532.258 2532.258 2532.258 2532.258 2532.258 2532.258 2532.258 2532.258 3057.189 3177.46 3177.46 3177.46 3177.46 3177.46 3177.358 3177.46 3177.46 3087.758 2748.385 2540.795 2328.33 1738.942 1616.689 1616.689 1616.689 1616.689 1616.689 1616.689 1627.544 1807.324 1842.356 1842.356 1842.356 1842.356 1842.356 1842.356 1822.055
1927.419 1927.419 1927.419 1927.419 1927.419 1927.419 1929.091 2234.789 2301.508 2649.152 2486.217 2251.794 1982.011 1927.419 1927.419 1927.419 1927.419 1927.419 1917.407 1923.826 1795.039 1695.838 1821.218 1652.715 1507.55 1231.588 1231.588 1231.588 1231.588 1424.075 2493.984 2534.568 2534.568 2534.568 2534.568 2534.568 2534.568 2534.568 2534.568 2681.926 2957.317 3142.006 3180.36 3180.36 2767.965 1955.125 2268.891 1711.527 2741.122 2317.536 1688.194 1618.165 1618.165 1618.165 1618.165 1618.165 1618.165 1618.165 1618.165 1618.165 1618.165 1640.774 1826.532 1592.775 1699.201 1586.783 1539.408 1519.781 1489.112 1232.836
2158.895 1929.174 1929.174 1929.174 1929.174 1929.174 1929.174 1929.174 1929.174 1929.174 1929.174 1929.174 1929.174 1929.174 1929.174 1929.174 1921.519 1740.641 1331.244 1253.013 1232.71 1232.71 1232.71 1232.71 1232.71 1232.71 1232.71 1232.71 1459.367 2186.082 2503.924 2536.877 2536.877 2536.877 2809.865 12353.55 11328.91 9968.872 7771.709 8429.015 3165.589 3183.257 3135.877 2006.632 1516.926 1494.834 1561.816 1494.834 1587.51 1619.639 1619.639 1619.639 1619.639 1619.639 1619.639 1619.639 1619.639 1619.639 1619.639 1620.642 1620.953 1585.086 1344.412 1209.596 1209.596 1209.596 1209.596 1209.596 1209.596 1209.596
2513.198 1930.929 1930.929 1930.929 1930.929 1930.929 1930.929 1930.929 1930.929 1930.929 1930.929 1930.929 1930.929 1930.929 1930.929 1918.364 1500.722 1233.831 1233.831 1233.831 1233.831 1233.831 1233.831 1233.831 1233.831 1233.831 1233.831 1233.831 1705.15 2539.184 2539.184 2539.184 2539.184 2539.184 7092.711 24016.19 25280.1 25280.1 24135.51 8803.858 2607.606 2687.906 2603.619 2728.046 1964.661 1496.193 1496.193 1496.193 1527.748 1612.615 1621.112 1621.112 1621.112 1621.112 1621.112 1621.112 1621.112 1621.112 1621.531 1627.195 1627.329 1622.732 1386.686 1494.668 1456.974 1226.557 1210.696 1210.696 1210.696 1210.696
2045.759 1932.683 1932.683 1932.683 1932.683 1932.683 1932.683 1932.683 1932.683 1932.683 1932.683 1932.683 1932.683 1932.683 1932.683 1738.583 1248.245 1454.298 1597.365 1439.224 1234.952 1234.952 1234.952 1234.952 1234.952 1234.952 1234.952 1234.952 1778.226 2536.036 2541.491 2541.491 2527.334 2502.025 3413.456 9344.617 14829.45 14586.39 9409.341 3073.554 2541.491 2352.162 1904.76 1780.991 1531.933 1497.552 1497.552 1497.552 1497.552 1511.968 1531.967 1599.093 1622.584 1622.584 1622.584 1622.584 1622.584 1625.074 1627.979 1628.808 1628.808 1628.808 1628.808 1628.808 1628.808 1586.316 1336.446 1211.796 1211.796 1211.796
4042.068 2460.314 2497.971 2543.732 2317.36 1934.436 1934.436 1934.436 1934.436 1934.436 1934.436 1934.436 1934.436 1934.436 1934.436 1934.436 1908.545 1934.436 1934.436 1736.24 1258.672 1236.072 1236.072 1236.072 1236.072 1236.072 1236.072 1236.072 1293.94 2295.401 2543.796 2543.796 2257.296 1703.847 1821.117 2119.642 2176.731 2358.128 2388.256 2485.358 2543.796 2436.177 1841.575 1684.532 1503.079 1498.911 1498.911 1498.911 1498.911 1498.911 1498.911 1521.816 1585.502 1607.448 1623.508 1627.148 1627.621 1629.691 1630.285 1630.285 1630.285 1630.285 1630.285 1630.285 1630.285 1630.285 1567.603 1284.192 1284.395 1342.323
3847.029 2666.88 2666.88 2666.88 2568.81 2118.439 1936.189 1936.189 1936.189 1936.189 1936.189 1936.189 1936.189 1936.189 1936.189 1936.189 1936.189 1936.189 1936.189 1927.903 1286.416 1237.192 1237.192 1237.192 1237.192 1237.192 1237.192 1237.192 1237.192 1296.18 2238.023 2095.163 1783.46 1689.691 1689.691 1689.691 1689.691 1689.691 1689.691 1907.336 2337.069 1685.5 1550.749 1500.269 1500.269 1500.269 1500.269 1500.269 1500.269 1500.269 1500.269 1500.269 1500.269 1500.878 1520.569 1599.759 1631.762 1631.762 1631.762 1631.762 1631.762 1631.762 1631.762 1631.762 1631.762 1631.762 1631.762 1631.762 1625.311 1631.762
2669.292 2669.292 2669.292 2669.292 2669.292 2363.959 2171.639 1937.94 1937.94 1937.94 1937.94 2086.538 2453.422 2663.589 1993.497 1937.94 1937.94 1937.94 1845.095 1386.612 1238.311 1238.311 1238.311 1238.311 1238.311 1238.311 1238.311 1238.311 1238.311 1238.311 1350.661 1673.344 1691.219 1691.219 1691.219 1691.219 1691.219 1691.219 1691.219 1691.219 1691.219 1691.219 1684.489 1614.105 1568.937 1501.626 1501.626 1501.626 1501.626 1501.626 1501.626 1501.626 1504.067 1638.214 1568.93 1718.195 1716.22 1740.117 1654.681 1633.238 1633.238 1633.238 1633.238 1633.238 1633.238 1633.238 1633.238 1633.238 1633.238 1633.238
2671.701 2671.701 2671.701 2671.701 2671.701 2671.701 2656.116 2726.119 2618.344 2466.683 2535.979 3401.987 3529.812 3529.812 2945.485 1708.022 1638.228 1719.515 1533.139 1275.779 1239.429 1239.429 1239.429 1239.429 1239.429 1239.429 1239.429 1239.429 1239.429 1247.522 1404.709 1682.608 1692.745 1692.745 1692.745 1692.745 1692.745 1692.745 1692.745 1692.745 1692.745 1692.745 1692.745 1692.745 1628.14 1503.676 1502.981 1502.981 1502.981 1502.981 1502.981 1502.981 1502.981 1561.531 1757.34 1809.787 1813.627 1813.627 1797.662 1661.745 1634.712 1634.817 1634.712 1634.712 1634.712 1634.712 1659.434 1923.596 1825.438 1788.222
2674.111 2674.111 2674.771 2674.111 2674.111 2674.111 2674.111 2952.008 3532.996 3532.996 3532.996 3532.996 3532.996 3532.996 2006.08 1240.547 1240.547 1240.547 1240.547 1240.547 1240.547 1240.547 1240.547 1240.547 1240.547 1240.547 1240.547 1240.547 1292.457 1462.611 1693.979 1694.273 1694.273 1694.273 1694.273 1694.273 1694.273 1694.273 1694.273 1694.273 1694.273 1667.501 1629.126 1621.593 1613.364 1595.281 1553.455 1516.199 1523.082 1504.573 1504.337 1504.337 1504.337 1589.5 1780.996 1815.263 1815.263 1815.263 1815.263 1784.354 1724.439 1792.849 1759.147 1712.843 1672.9 1637.832 1708.441 2113.946 2117.921 2117.921
2890.273 3325.976 3234.974 2884.273 3155.462 2987.008 3055.174 3414.177 3536.176 3536.176 3536.176 3536.176 3536.176 3536.176 2635.06 1241.663 1241.663 1241.663 1241.663 1241.663 1241.663 1241.663 1241.663 1241.663 1241.663 1241.663 1241.663 1284.715 1609.987 1695.797 1695.797 1695.797 1695.797 1695.797 1695.797 1695.797 1695.797 1695.797 1695.797 1686.875 1637.086 1608.283 1604.434 1604.434 1604.434 1604.434 1604.434 1604.434 1604.434 1577.182 1528.211 1596.108 1569.13 1516.113 1548.125 1808.153 1816.896 1816.896 1816.896 1816.896 1816.896 1816.896 1843.685 1940.831 2035.451 2067.12 2107.21 2119.827 2119.827 2119.827
3141.649 3539.355 3539.355 3539.355 3539.355 3539.355 3539.355 3539.355 3539.355 3539.355 3539.355 3539.355 3539.094 2728.207 1274.386 1242.78 1245.654 1666.328 2419.799 1755.735 1580.195 1242.813 1310.843 1278.723 1416.173 1242.78 1421.807 1682.705 1697.322 1697.322 1697.322 1697.322 1697.322 1697.322 1697.322 1697.322 1697.322 1697.322 1697.322 1645.589 1605.895 1605.877 1605.877 1605.877 1605.877 1605.877 1605.877 1605.877 1605.877 1603.642 1667.047 1818.53 1818.53 1798.33 1815.91 1818.53 1818.53 1818.53 1818.53 1818.53 1818.53 1897.994 2092.474 2121.733 2121.733 2121.733 2121.733 2121.733 2121.733 2121.733
3440.958 3542.532 3542.532 3542.532 3542.532 3542.532 3542.532 3542.532 3542.532 3542.532 3542.532 3542.532 3472.865 2730.406 2640.962 2549.432 2518.458 2715.583 2715.583 2715.583 2697.449 2687.156 2702.957 2577.847 2619.479 1961.938 1593.773 1743.76 1733.392 1698.845 1698.845 1698.845 1698.845 1698.845 1698.845 1698.845 1698.845 1698.845 1654.42 1622.866 1607.318 1607.318 1607.318 1607.318 1607.318 1607.318 1607.318 1607.318 1621.909 1692.225 1717.649 1800.891 1820.162 1820.162 1820.162 1820.162 1820.162 1820.162 1820.162 1820.162 1820.162 1848.245 2112.107 2123.637 2123.637 2123.637 2123.637 2123.637 2123.637 2123.637
3545.708 3545.708 3545.708 3545.708 3545.708 3545.708 3545.708 3545.708 3523.3 3545.387 3545.708 3214.095 2757.352 2718.019 2718.019 2718.019 2718.019 2718.019 2718.019 2718.019 2718.019 2718.019 2718.019 2718.019 2718.019 2718.019 2584.324 2689.878 2602.507 1725.627 1700.369 1700.369 1700.369 1700.369 1700.369 1700.369 1700.369 1682.192 1609.574 1608.759 1608.759 1608.759 1608.759 1608.759 1608.759 1608.759 1608.759 1608.759 1608.759 1631.74 1626.598 1790.672 1821.795 1821.795 1821.795 1821.795 1821.795 1821.795 1821.795 1826.274 2007.805 2067.508 2125.542 2125.542 2125.542 2125.542 2125.542 2125.542 2125.542 2125.542
3332.07 3493.493 3548.88 3548.88 3548.88 3548.88 3546.083 3458.839 3349.363 3393.418 3316.601 2892.642 2720.45 2720.45 2720.45 2720.45 2720.45 2720.45 2720.45 2720.45 2720.45 2720.45 2720.45 2720.45 2720.45 2720.45 2720.45 2720.45 2720.45 2106.401 1698.341 1701.89 1701.89 1701.89 1701.89 1701.89 1701.89 1700.348 1625.957 1610.198 1610.198 1610.198 1610.198 1610.198 1610.198 1610.198 1610.198 1610.198 1610.198 1610.198 1681.916 1823.424 1823.424 1823.424 1823.424 1823.424 1823.424 1823.424 1823.424 1854.372 1977.715 1986.633 2119.25 2127.443 2127.443 2127.443 2127.443 2127.443 2127.443 2123.045
