input/deup00ag.asc
ncols         264
nrows         240
xllcorner     5
yllcorner     46
cellsize      0.0416666666667
NODATA_value  -9999
[rows 62 to 92 of 240, columns 140 to 209 of 264]
660.25 660.25 660.25 660.25 660.25 660.25 660.25 660.25 660.25 660.25 660.25 660.25 660.25 660.25 660.25 660.25 660.25 660.25 660.25 647.1041 620.6135 610.4592 610.4592 610.4592 610.4592 610.4592 610.4592 610.4592 610.4592 610.4592 610.4592 610.4592 610.4592 610.4592 606.8411 569.1278 555.5459 555.5459 555.5459 555.5459 555.5459 555.5459 518.1029 312.2588 175.0863 0 154.6771 555.5459 538.4671 526.88 526.88 526.88 526.88 526.88 526.88 526.88 526.88 526.88 526.88 526.88 526.88 526.88 526.88 526.88 526.88 574.9756 608.9407 622.7577 623.9447 623.9447
660.8969 729.8026 825.4065 703.686 660.8969 660.8969 660.8969 660.8969 660.8969 660.8969 660.8969 660.8969 660.8969 660.8969 660.8969 660.8969 660.8969 660.8969 660.8969 660.8969 644.621 611.0574 611.0574 611.0574 611.0574 611.0574 611.0574 611.0574 606.7993 582.7781 598.0995 591.9993 597.282 596.1802 610.2088 585.1975 558.4304 556.0902 556.0902 556.0902 556.0902 556.0902 556.0902 556.0902 391.2642 317.8445 553.7731 551.5924 532.5485 527.3962 527.3962 527.3962 527.3962 527.3962 527.3962 527.3962 527.3962 527.3962 527.3962 527.3962 527.3962 527.3962 527.3962 527.3962 562.3988 621.0139 624.556 624.556 624.556 624.556
1173.658 1563.33 1619.069 1542.187 721.5223 661.5433 661.5433 661.5433 661.5433 661.5433 661.5433 661.5433 661.5433 661.5433 661.5433 661.5433 661.5433 661.5433 661.5433 661.5433 661.4625 635.6948 628.0009 611.9713 612.1102 611.655 611.655 608.6735 587.1914 571.6291 571.6291 571.6291 571.6291 571.738 578.0208 580.1338 565.6396 558.667 556.6341 556.6341 556.6341 556.6341 556.6341 556.6341 458.108 536.2465 551.6162 536.7886 527.912 527.912 527.912 527.912 527.912 527.912 527.912 527.912 527.912 527.912 527.912 527.912 527.912 527.912 536.3799 534.4507 606.8088 625.1669 625.1669 625.1669 625.1669 625.1669
1619.453 1620.651 1620.651 1620.651 1334.251 698.6718 662.1896 662.1896 662.1896 662.1896 662.1896 662.1896 662.1896 662.1896 662.1896 662.1896 662.1896 662.1896 662.1896 662.1896 662.1896 662.1896 658.8061 640.1956 620.9243 591.0648 588.9213 573.9428 572.1877 572.1877 572.1877 572.1877 572.1877 572.1877 572.1877 572.0388 571.7134 569.4756 561.4569 559.1584 561.8791 559.7761 557.3465 539.0126 504.3759 557.178 536.2118 528.4279 528.4279 528.4279 528.4279 528.4279 528.4279 528.4279 528.4279 528.9 530.2739 529.6831 567.1238 593.7211 584.4148 537.8314 608.9955 623.3213 625.7777 625.7777 625.7777 625.7777 625.7777 625.7777
1444.494 900.7411 1400.758 1622.232 1622.232 1324.241 726.5277 662.8355 662.8355 662.8355 662.8355 662.8355 662.8355 662.8355 662.8355 662.8355 662.8355 656.466 624.4617 593.2369 589.7749 627.2344 624.2477 609.5294 572.9178 572.7457 572.7457 572.7457 572.7457 572.7457 572.7457 572.7457 572.7457 572.7457 572.7457 572.6944 572.3456 572.2693 572.2693 572.2693 572.2693 572.2693 571.6591 572.1039 564.6414 563.0432 552.9119 534.1353 528.9432 528.9432 528.9432 528.9432 528.9432 528.9432 869.6368 1244.329 1123.781 801.5389 627.6752 626.3881 626.3881 620.3818 626.3881 626.3881 626.3881 626.3881 626.3881 626.3881 626.3881 626.3881
1571.385 912.8702 545.5729 866.5283 1381.033 1623.811 1590.3 1258.624 938.3757 663.4809 663.4809 663.4809 663.4809 663.4809 663.4809 663.4809 663.4809 612.2496 573.3034 573.3034 573.3034 573.3034 573.3034 573.3034 573.3034 573.3034 573.3034 573.3034 573.3034 573.3034 573.3034 573.3034 573.3034 573.3034 573.3034 573.1172 572.8265 572.8265 572.8265 572.8265 572.8265 572.8265 572.8265 572.8265 572.8265 572.4427 566.6749 563.6728 556.2693 552.038 556.1875 550.2222 810.8917 1194.177 1339.413 1339.441 1339.441 1336.296 1195.801 716.6544 626.9979 626.9979 626.9979 626.9979 626.9979 626.9979 626.9979 626.9979 626.9979 626.9979
1112.197 869.4489 539.8372 539.8372 554.5895 955.3441 1037.477 555.3715 673.6745 611.5143 658.5142 664.1263 664.1263 647.8064 633.4824 650.2952 662.2911 598.3397 573.861 573.861 573.861 573.861 573.861 573.861 573.861 573.861 573.861 573.861 573.861 573.861 573.861 573.861 573.861 573.861 573.8619 573.5684 573.3837 573.3837 573.3837 573.3837 573.3837 573.3837 573.3837 573.3837 573.3837 573.3837 573.3837 573.3837 573.3837 573.3837 573.3837 752.1467 1259.527 1340.743 1340.743 1340.743 1340.743 1340.743 1332.017 703.9043 627.6078 627.6078 627.6078 627.6078 627.6078 627.6078 627.6078 627.6078 627.6078 627.6078
540.3613 540.3613 540.3613 540.3613 540.3613 540.3613 540.3613 540.3613 540.3613 540.3613 560.8793 590.7252 596.0297 589.3761 574.4182 574.4182 575.397 574.4182 574.4182 574.4182 574.4182 574.4182 574.4182 574.4182 574.4182 574.4182 574.4182 574.4182 574.4182 574.4182 574.4182 574.4182 574.4182 574.4182 574.4182 574.2554 573.9454 573.9404 573.9404 573.9404 573.9404 573.9404 573.9404 573.9404 573.9404 573.9404 573.9404 573.9404 573.9404 573.9404 780.7589 1330.642 1342.045 1342.045 1342.045 1342.045 1342.045 1342.045 1342.045 1182.418 762.8694 628.2172 628.2172 628.2172 628.2172 628.2172 628.2172 628.2172 628.2172 628.2172
579.3273 540.8851 540.8851 540.8851 540.8851 540.8851 540.8851 540.8851 540.8851 540.8851 540.8851 548.0995 561.9519 551.7424 545.7305 555.4524 568.5613 571.154 575.0004 574.9789 574.975 574.975 574.975 574.975 574.975 574.975 574.975 574.975 574.975 574.975 574.975 574.975 574.975 574.975 574.9698 574.5648 574.4967 574.5359 574.4967 574.4967 574.4967 574.4967 574.4967 574.4967 574.4967 574.4967 574.4967 574.4967 574.4967 574.4967 574.4967 708.4919 996.9168 1343.346 1343.346 1343.346 1343.346 1343.346 1343.346 1343.346 1306.843 939.3617 628.8261 628.8261 628.8261 628.8261 628.8261 628.8261 632.5093 638.6947
835.7682 587.1008 541.4084 541.4084 541.4084 541.4084 541.4084 541.4084 541.4084 541.4084 541.4084 541.4084 541.4084 541.4084 541.4084 541.4084 550.8573 567.0262 620.8978 592.7568 579.7399 575.5313 575.5313 575.5313 575.5313 575.5313 575.5313 575.5313 575.5313 575.5313 575.5313 575.5313 575.5313 575.5313 575.5313 575.5008 575.3284 575.4307 575.0532 575.0526 575.0526 575.0526 575.0526 575.0526 575.0526 575.0526 575.0526 575.0526 575.0526 575.0526 575.0526 575.0526 992.3612 1344.646 1344.646 1344.646 1344.646 1344.646 1344.646 1344.646 1344.646 1263.811 1032.165 729.6121 629.4345 629.4345 637.5453 653.6182 1192.961 1402.863
725.9247 558.4691 541.9317 541.9317 541.9317 541.9317 541.9317 541.9317 541.9317 541.9317 541.9317 541.9317 541.9317 541.9317 541.9317 546.5476 627.1799 629.8065 630.4885 630.4885 614.6088 612.4398 597.094 576.3499 576.0876 576.0876 576.0876 576.0876 576.0876 576.0876 576.0876 576.0876 576.0876 576.0876 576.0876 575.9695 575.6906 575.618 575.6084 575.6084 575.6084 575.6084 575.6084 575.6084 575.6084 575.6084 575.6084 575.6084 575.6084 575.6084 575.6084 575.6084 671.9854 1217.422 1345.945 1345.945 1345.945 1345.945 1345.945 1345.945 1345.945 1345.945 1350.21 1346.529 1201.786 1247.757 1388.06 1433.015 1433.015 1433.015
666.9119 542.4546 542.4546 542.4546 542.4546 542.4546 542.4546 542.4546 542.4546 542.4546 542.4546 542.4546 542.4546 542.4546 547.2155 558.3301 607.2126 616.0745 631.0969 631.0969 631.0969 631.0969 631.0969 626.8879 584.6678 576.6434 576.6434 576.6434 576.6434 576.6434 576.6434 576.6434 576.6434 576.6434 576.4685 576.1857 576.1638 576.1638 576.1638 576.1638 576.1638 576.1638 576.1638 576.1638 576.1638 576.1638 576.1638 576.1638 576.1638 576.1638 576.1638 576.1638 576.1638 1185.993 1347.244 1347.244 1347.244 1347.244 1347.244 1347.244 1347.244 1361.031 1416.182 1432.596 1434.398 1434.398 1434.398 1434.398 1434.398 1434.398
542.9775 542.9775 542.9775 549.5813 565.5724 565.7758 559.3503 559.0968 559.3679 551.6992 548.1401 545.9653 553.4655 560.8444 568.7591 568.9971 568.9971 569.3799 588.6459 627.5595 631.7053 631.7053 631.7053 630.7048 622.1111 605.1537 596.0407 582.5122 592.9585 591.5632 581.7543 577.2687 577.4183 576.7668 576.732 576.7192 576.7192 576.7192 576.7192 576.7192 576.7192 576.7192 576.7192 576.7192 576.7192 576.7192 576.7192 576.7192 576.7192 576.7192 576.7192 576.7192 888.6996 1346.859 1348.543 1348.543 1348.543 1348.543 1348.543 1348.543 1348.543 1350.885 1359.456 1398.109 1435.466 1435.781 1435.781 1435.781 1435.781 1435.781
562.3001 554.5982 557.9237 569.255 569.5446 569.5446 569.5446 569.5446 569.5446 569.5446 569.5446 569.5446 569.5446 569.5446 569.5446 578.1985 584.7451 595.7559 602.8382 629.1149 632.3131 632.3131 632.3131 632.3131 632.3131 632.3131 632.3131 632.3131 632.3131 632.3131 631.9427 611.9626 624.9431 603.0092 577.2742 577.2742 577.2742 577.2742 577.2742 577.2742 577.2742 577.2742 577.2742 577.2742 577.2742 577.2742 577.2742 577.2742 577.2742 577.2742 585.5094 864.7898 1095.154 1349.841 1349.841 1349.841 1349.841 1349.841 1349.841 1349.841 1349.841 1349.841 1349.841 1382.318 1436.309 1437.162 1437.162 1437.162 1437.162 1437.162
570.0917 570.0917 570.0917 570.0917 570.0917 570.0917 570.0917 570.0917 570.0917 570.0917 570.0917 570.0917 570.0917 570.0917 570.0917 585.9404 605.147 632.9205 632.9205 632.9205 632.9205 632.9205 632.9205 632.9205 632.9205 632.9205 632.9205 632.9205 632.9205 632.9205 632.9205 632.9205 632.9205 628.6299 652.475 663.6533 665.2933 655.9942 577.8287 577.8287 580.553 785.3436 676.5986 629.5817 577.8287 577.8287 577.8287 577.8287 577.8287 577.8287 713.2145 1196.484 1351.137 1351.137 1351.137 1351.137 1351.137 1351.137 1351.137 1351.137 1351.137 1351.137 1375.403 1391.9 1426.811 1438.543 1438.543 1438.543 1438.543 1438.543
570.6384 570.6384 570.6384 570.6384 570.6384 570.6384 570.6384 570.6384 570.6384 570.6384 570.6384 570.6384 570.6384 570.6384 570.6384 570.6384 595.1532 623.6445 633.5273 633.5273 633.5273 633.5273 633.5273 633.5273 633.5273 633.5273 633.5273 633.5273 633.5273 633.5273 633.5273 633.5273 637.7852 992.7074 1100.547 1100.547 1100.547 877.6509 656.0836 683.8989 649.0875 1046.836 1100.444 1087.646 774.1799 604.5958 578.3827 578.3827 578.3827 578.3827 1230.642 1352.433 1352.433 1352.433 1352.433 1352.433 1352.433 1352.433 1352.433 1352.433 1352.433 1366.23 1437.594 1439.922 1439.922 1439.922 1439.922 1439.922 1439.922 1439.922
572.3115 571.185 571.185 571.185 571.185 571.185 571.185 571.185 571.185 571.185 571.185 571.185 571.185 571.185 571.185 571.185 598.8582 634.1343 634.1343 634.1343 634.1343 634.1343 634.1343 634.1343 634.1343 634.1343 634.1343 634.1343 634.1343 634.1343 634.1343 634.1343 660.6503 1056.287 1101.602 1101.602 1101.602 1101.602 1101.602 1101.602 1101.377 1101.602 1101.602 1101.602 1100.785 745.6482 578.9368 580.9954 627.5962 1083.325 1256.282 1337.867 1353.728 1353.728 1353.728 1353.728 1353.728 1353.728 1353.728 1353.728 1353.728 1365.571 1437.822 1441.302 1441.302 1441.302 1441.302 1441.302 1441.302 1419.459
882.053 571.7312 571.7312 571.7312 571.7312 571.7312 571.7312 571.7312 571.7312 571.7312 571.7312 571.7312 571.7312 571.7312 571.7312 592.6961 629.1252 634.7407 634.7407 634.7407 634.7407 634.7407 634.7407 634.7407 634.7407 634.7407 634.7407 634.7407 634.7407 634.7407 634.7407 634.7407 634.7407 893.0903 1102.655 1102.655 1102.655 1102.655 1102.655 1102.655 1102.655 1102.655 1102.655 1102.655 1102.655 1088.254 945.0712 889.5112 1128.286 1102.655 1102.655 1142.521 1269.292 1311.139 1339.007 1355.023 1355.023 1355.023 1355.023 1355.023 1355.023 1384.471 1477.714 4758.826 1442.68 1442.68 1442.68 1442.68 1442.68 1442.68
1415.479 903.6865 572.277 575.5965 572.277 572.277 572.277 572.277 572.277 572.277 572.277 572.277 572.277 575.4886 591.5026 615.0406 635.3466 635.3466 635.3466 635.3466 635.3466 635.3466 635.3466 635.3466 635.3466 635.3466 635.3466 635.3466 635.3466 635.3466 635.3466 635.3466 636.0395 826.2108 1103.708 1103.708 1103.708 1103.708 1103.708 1103.708 1103.708 1103.708 1103.708 1103.708 1103.708 1103.708 1103.708 1103.708 1103.708 1103.708 1103.708 1103.708 1103.708 1103.708 1222.31 1333.023 1356.316 3713.939 20144.55 14580.75 1927.739 20398.74 24963.79 42501.8 12701.61 1444.057 1444.057 1444.057 1444.057 1444.057
1416.915 1407.212 1167.351 776.1388 572.8228 572.8228 572.8228 572.8228 572.8228 572.8228 572.8228 572.8228 572.8228 576.6376 594.1575 600.8313 591.3867 589.8265 631.5847 635.9525 635.9525 635.9525 635.9525 635.9525 635.9525 635.9525 635.9525 635.9525 635.9525 635.9525 635.9525 635.9525 1000.228 1103.912 1104.76 1104.76 1104.76 1104.76 1104.76 1104.76 1104.76 1104.76 1104.76 1104.76 1104.76 1104.76 1104.76 1104.76 1104.76 1104.76 1104.76 1104.76 1104.76 1104.76 1104.76 11224.64 12763.78 45667.04 50071.61 49939.84 48818.08 50071.61 50071.61 49614.06 14034.94 3044.361 1445.434 1445.434 1433.795 1268.474
1418.262 1418.262 1118.968 573.3676 573.3676 573.3676 573.3676 573.3676 573.3676 573.3676 573.3676 573.3676 573.3676 573.3676 573.3676 573.3676 573.3676 580.5252 635.6837 636.5574 636.5574 636.5574 636.5574 636.5574 636.5574 636.5574 636.5574 703.8649 636.5574 636.5574 636.5574 702.9772 1066.201 1105.811 1105.811 1105.811 1105.811 1105.651 1083.146 1076.878 1105.811 1105.811 1105.811 1105.811 1095.378 1102.308 1105.811 1105.811 1105.811 1105.811 1105.811 1105.811 1105.811 1105.811 1140.486 30404.4 50119.24 50119.24 50119.24 50119.24 50119.24 50119.24 50119.24 50119.24 50119.24 42231.13 7529.641 1254.345 1184.529 1132.21
1419.611 1419.611 1413.1 968.2537 585.528 603.6198 574.7657 573.913 573.913 573.913 573.913 573.913 573.913 573.913 573.913 573.913 573.913 582.0612 632.8771 637.1628 637.1628 637.1628 637.1628 637.1628 637.1628 637.1628 637.1628 832.0988 817.5414 892.8795 782.0294 745.5273 1012.653 1063.894 1090.226 1106.863 1106.863 1102.508 1004.089 986.7855 1001.514 1022.38 1011.126 997.9429 1360.188 1368.092 1106.863 1106.863 1106.863 1106.863 1101.903 1083.291 1096.085 1106.863 4789.552 32301.54 50148.79 50166.91 50166.91 50166.91 50166.91 50166.91 50166.91 50166.91 50166.91 50166.91 47115.8 14921.77 1132.354 1133.17
4242.124 1970.348 1320.867 1022.674 1007.384 912.2939 590.5027 574.4574 574.4574 574.4574 574.4574 574.4574 574.4574 574.4574 574.4574 574.4574 574.4574 574.4574 655.5202 697.6355 657.9155 637.7673 637.7673 637.7673 637.7673 637.7673 637.7673 719.8559 963.5201 965.7949 965.7949 965.7949 969.7686 965.7949 986.1071 1030.424 1107.913 1105.509 1022.064 1346.591 1371.106 1463.615 1447.579 1427.282 1267.778 1002.906 1088.044 1079.18 1096.438 1086.594 1005.143 987.3793 1013.358 1091.434 7583.435 40377.95 50214.5 50214.5 50214.5 50214.5 50214.5 50214.5 50214.5 50214.5 50214.5 50214.5 45682.95 22658.96 10388.78 2473.949
7899.941 3529.654 1860.578 1223.74 1006.107 1006.107 939.8023 777.6479 778.4371 782.4503 742.6849 754.2944 678.3707 663.0908 580.9949 575.0018 575.0018 650.1251 1002.328 1006.107 993.3542 706.9352 638.3718 648.549 638.3718 638.3718 638.3718 708.4126 966.3178 966.7103 966.7103 966.7103 966.7103 966.7103 967.3507 999.2835 1482.4 3778.365 3129.671 4686.554 4516.777 4180.152 4022.165 3031.587 1582.474 988.3151 988.3151 988.3151 989.5579 995.6361 5276.871 11470.54 10390.54 10655.76 26913.04 50262.09 50262.09 46664.42 50262.09 50262.09 50262.09 50262.09 49648.57 49072.41 50262.09 50262.09 50262.09 50262.09 49308.39 35864.37
7624.618 3504.899 1938.777 1919.459 1473.693 1111.399 1007.059 1007.059 1007.059 1007.059 1007.059 1007.059 1007.059 1007.059 912.1961 766.3613 853.796 961.5112 1007.059 1007.059 1007.059 940.2999 897.7512 952.8866 655.2153 638.9757 739.5112 932.9363 967.6249 967.6249 967.6249 967.6249 967.6249 967.6249 968.9875 986.2894 989.2501 3254.244 4920.59 4922.554 4922.554 4922.554 2702.859 989.2501 989.2501 989.2501 989.2501 989.2501 989.2501 989.2501 1322.088 7524.021 15972.68 15972.68 23639.81 29184.12 6991.838 1490.572 12811.83 13604.04 19318.42 43833.25 10035.03 14244.34 22211.97 33160.86 40165.45 48520.59 43825.24 13842.14
7223.787 2263.003 1940.608 1889.724 1674.272 1372.738 1008.01 1008.01 1008.01 1008.01 1008.01 1008.01 1008.01 1008.01 1008.01 1008.01 1008.01 1008.01 1008.01 1008.01 1008.01 1008.01 994.1391 892.9748 745.6267 811.1296 960.7213 968.5388 968.5388 968.5388 968.5388 968.5388 968.5388 968.5388 969.2452 986.7894 990.1844 1965.61 4777.112 4927.203 4131.522 3389.45 1928.365 990.1844 990.1844 990.1844 990.1844 990.1844 990.1844 990.1844 990.1844 2876.156 9789.08 9151.051 7510.684 4607.645 990.1844 990.1844 984.2698 979.452 979.4449 979.4449 944.1576 908.3938 896.942 896.942 942.1672 21811.07 7211.359 940.8895
3060.397 1942.439 1942.439 1942.439 1537.694 1008.961 1008.961 1008.961 1008.961 1008.961 1008.961 1008.961 1008.961 1008.961 1008.961 1008.961 1008.961 1008.961 1008.961 1008.961 1008.961 1008.961 993.6143 971.2649 969.7887 969.4526 969.4526 969.4526 969.4526 969.4526 969.4526 969.4526 969.4526 969.4526 976.5621 990.8727 991.1187 991.1187 2590.268 2083.744 1167.185 991.1187 991.1187 991.1187 991.1187 991.1187 991.1187 991.1187 991.1187 991.1187 991.1187 991.1187 991.1187 991.1187 991.1187 990.0176 983.0163 982.0885 980.397 980.3691 980.3691 980.3691 980.3691 961.5166 897.7883 897.7883 897.7883 897.7883 897.7883 918.9206
1944.268 1944.268 1944.268 1944.268 1711.148 1134.064 1009.911 1009.911 1009.911 1009.911 1009.911 1009.911 1009.911 1009.911 1009.911 1009.911 1009.911 1009.911 1009.911 1009.911 1009.911 1003.242 973.1808 970.3657 970.3657 970.3657 970.3657 970.3657 970.3657 970.3657 970.3657 970.3657 970.3657 970.5971 990.5054 992.0522 992.0522 992.0522 992.0522 992.0522 992.0522 992.0522 992.0522 992.0522 992.0522 992.0522 992.0522 992.0522 992.0522 992.0522 992.0522 992.0522 992.0522 992.0522 991.606 986.6829 981.2925 981.2925 981.2925 981.2925 981.2925 981.2925 979.6289 953.6489 905.8617 898.6339 898.6339 898.6339 898.6339 898.6339
1946.097 1946.097 1946.097 1946.097 1920.767 1602.326 1019.151 1010.861 1010.861 1010.861 1010.861 1010.861 1010.861 1010.861 1010.861 1010.861 1010.861 1010.861 1010.861 5575.499 3110.903 972.6182 971.2781 971.2781 971.2781 971.2781 971.2781 971.2781 971.2781 971.2781 971.2781 971.2781 971.2781 971.4394 981.434 992.9625 992.985 992.985 992.985 992.985 992.985 992.985 992.985 992.985 992.985 992.985 992.985 992.985 992.985 992.985 992.985 992.985 992.985 992.985 987.4888 982.2151 982.2151 982.2151 982.2151 982.2151 982.2151 982.2151 981.709 953.9219 966.6301 928.5439 899.4789 899.4789 899.4789 899.4789
2040.836 1973.493 1947.925 1947.925 1575.768 1226.719 1176.567 1149.411 1117.143 1059.325 1011.81 1025.138 1013.062 1011.81 1011.81 1011.81 1011.81 2265.544 6722.346 13398.72 11256.69 1082.315 972.1905 972.1905 972.1905 972.1905 972.1905 972.1905 972.1905 972.1905 972.1905 972.1905 969.2454 976.8351 993.8017 993.9178 993.9178 993.9178 993.9178 993.9178 993.9178 993.9178 993.9178 993.9178 993.9178 993.9178 993.9178 993.9178 993.9178 993.9178 993.9178 993.9178 993.2962 988.8673 983.323 983.1378 983.1378 983.1378 983.1378 983.1378 983.1378 983.1378 983.1378 983.1378 983.1378 932.0784 900.3238 900.3238 900.3238 900.3238
2273.559 1991.797 1949.75 1949.75 1877.469 1342.745 1179.681 1179.681 1179.681 1179.408 1153.958 1179.278 1153.931 1073.068 1025.123 1016.593 1075.451 12085.27 15978.43 15978.43 15488.45 3321.829 973.1014 973.1014 973.1014 973.1014 973.1014 973.1014 884.4786 854.9495 893.7214 889.6566 834.1438 864.9 982.0815 994.8491 994.8491 994.8491 994.8491 994.8491 994.8491 994.8491 994.8491 994.8491 994.8491 994.8491 994.8491 994.8491 994.8491 994.8491 994.7158 989.5618 984.7448 984.059 984.059 984.059 984.059 984.059 984.059 984.059 984.059 984.059 984.059 984.059 984.059 917.3964 901.1674 901.1674 901.1674 901.1674
